##FastQC	0.13.0.devel
>>Basic Statistics	pass
#Measure	Value
Filename	ERR164407.fastq.gz
File type	Conventional base calls
Encoding	Sanger / Illumina 1.9
Total Sequences	282806
Total Bases	97.6 Mbp
Sequence length	40-631
Mean Length	345
Median Length	366
%GC	37
>>END_MODULE
>>Per base sequence quality	fail
#Base	Mean	Median	Lower Quartile	Upper Quartile	10th Percentile	90th Percentile
1	34.260634498560854	37.0	33.0	37.0	24.0	40.0
2	33.65410564132303	37.0	31.0	37.0	21.0	40.0
3	33.576660325452785	37.0	31.0	37.0	21.0	40.0
4	33.65103993550349	37.0	31.0	37.0	21.0	40.0
5	33.71847485555469	37.0	31.0	37.0	22.0	40.0
6	33.74403654802232	37.0	31.0	37.0	22.0	40.0
7	33.773229705168916	37.0	31.0	37.0	22.0	40.0
8	33.643094559521366	37.0	31.0	37.0	21.0	40.0
9	33.51039228304916	37.0	31.0	37.0	21.0	40.0
10-19	34.319759835364174	38.6	30.8	39.4	21.0	40.0
20-29	34.607015763456225	39.0	31.0	40.0	21.0	40.0
30-39	34.5040045119269	39.0	31.0	40.0	21.0	40.0
40-49	34.39194015109781	38.9	31.0	40.0	21.0	40.0
50-59	33.587484472395474	37.3	30.3	37.9	21.0	40.0
60-69	33.23586362425153	37.0	30.0	37.0	21.0	40.0
70-79	33.157052105022814	37.0	30.0	37.0	21.0	40.0
80-89	33.079695573904495	37.0	30.0	37.0	21.0	40.0
90-99	32.98611222869937	37.0	30.0	37.0	21.0	40.0
100-109	32.9033836257115	37.0	30.0	37.0	21.0	40.0
110-119	32.79891210992033	37.0	29.3	37.0	21.0	40.0
120-129	32.67509178638359	37.0	28.9	37.0	21.0	40.0
130-139	32.527262905801464	37.0	28.0	37.0	20.4	40.0
140-149	32.32206527316017	36.9	28.0	37.0	20.0	40.0
150-159	32.129739012905716	35.3	28.0	37.0	19.6	40.0
160-169	31.88541234312205	35.0	27.4	37.0	19.0	40.0
170-179	31.60194136762458	35.0	27.0	37.0	19.0	40.0
180-189	31.261439076381443	34.5	26.3	37.0	18.8	40.0
190-199	30.927885466766337	33.3	25.5	37.0	18.0	40.0
200-209	30.58170516008591	33.0	25.0	37.0	18.0	40.0
210-219	30.09485210903997	32.0	24.0	37.0	17.0	40.0
220-229	29.641204104784066	31.7	23.2	37.0	17.0	40.0
230-239	29.154588754471995	30.3	23.0	37.0	16.0	40.0
240-249	28.705808929164146	30.0	22.0	37.0	16.0	39.7
250-259	28.20283632366047	29.4	21.1	36.0	16.0	39.5
260-269	27.729215797563587	28.1	20.6	35.0	15.2	39.6
270-279	27.349803308852366	28.0	20.0	35.0	15.0	39.0
280-289	26.94285656790451	27.3	20.0	34.3	15.0	39.0
290-299	26.59327441798222	27.0	19.2	33.2	14.3	39.0
300-309	26.119411684668687	26.6	19.0	33.0	14.0	39.0
310-319	25.755093654227853	26.0	19.0	32.2	13.0	38.1
320-329	25.461899122540125	25.3	19.0	32.0	13.0	38.0
330-339	25.168713966786534	25.0	18.6	32.0	13.0	38.0
340-349	24.858495521514904	24.4	18.0	31.8	13.0	37.7
350-359	24.30692444276658	23.7	17.7	30.6	13.0	36.1
360-369	23.45191217687513	23.0	17.0	29.0	13.0	35.0
370-379	23.197895146097594	23.0	17.0	29.0	12.3	35.0
380-389	22.949921055180205	23.0	17.0	29.0	12.0	35.0
390-399	22.72091852917574	22.1	17.0	28.3	12.0	34.0
400-409	22.51233815494629	22.0	17.0	28.0	12.0	34.0
410-419	22.307745357145333	22.0	17.0	28.0	12.0	34.0
420-429	19.379789152922427	19.0	15.0	24.0	11.0	27.9
430-439	19.278030843375525	19.0	15.0	24.0	11.0	27.3
440-449	19.173626475871252	18.7	15.0	23.6	11.0	27.0
450-459	19.070047922001763	18.0	14.5	23.0	11.0	27.0
460-469	18.96303044045529	18.0	14.1	23.0	11.0	27.0
470-479	18.88128612898668	18.0	14.0	23.0	11.0	27.0
480-489	18.7903120717521	18.0	14.0	23.0	11.0	27.0
490-499	18.669598003138983	18.0	14.0	23.0	11.0	26.7
500-509	18.491142278365462	18.0	14.0	22.8	11.0	26.0
510-519	18.331657276932038	17.9	13.9	22.8	11.0	26.0
520-529	18.100287350069365	17.4	13.5	22.1	11.0	25.6
530-539	17.770315412445893	17.0	13.0	21.9	11.0	25.0
540-549	17.619140903586334	17.0	13.0	21.5	11.0	25.0
550-559	17.4279381846203	17.0	13.0	21.1	11.0	25.0
560-569	17.377107123696984	17.0	13.0	21.1	11.0	24.5
570-579	16.45082124714126	15.5	12.1	19.7	11.0	23.5
580-589	16.184442577563818	NaN	NaN	NaN	NaN	NaN
590-599	16.870713579561574	NaN	NaN	NaN	NaN	NaN
600-609	15.088520923520923	NaN	NaN	NaN	NaN	NaN
610-619	15.719999999999999	NaN	NaN	NaN	NaN	NaN
620-629	15.15	NaN	NaN	NaN	NaN	NaN
630-631	17.0	NaN	NaN	NaN	NaN	NaN
>>END_MODULE
>>Per sequence quality scores	pass
#Quality	Count
14	1.0
15	5.0
16	29.0
17	81.0
18	145.0
19	367.0
20	690.0
21	1245.0
22	2411.0
23	4554.0
24	8420.0
25	13966.0
26	21972.0
27	30936.0
28	37904.0
29	40092.0
30	35789.0
31	28128.0
32	20324.0
33	13745.0
34	9349.0
35	6177.0
36	3768.0
37	1884.0
38	641.0
39	181.0
40	2.0
>>END_MODULE
>>Per base sequence content	fail
#Base	G	A	T	C
1	19.968175951627444	42.104276798500734	23.11911034104772	14.808436908824103
2	17.585677713186517	31.876140365765686	35.906493543231356	14.631688377816438
3	17.05621521467013	32.10045048549182	32.678585319971994	18.164748979866058
4	18.43213521684553	31.597744028570922	31.877795654249397	18.092325100334154
5	18.61311287596444	31.808731073598157	31.650318592957717	17.927837457479686
6	18.364532577102324	31.18003154105641	32.46465775124997	17.990778130591288
7	18.7360105798029	31.904187720780897	31.673992142940495	17.68580955647571
8	17.898488716646746	30.810873885278244	32.63261741264329	18.65801998543171
9	18.204416470713035	30.457382295221088	32.71795053128481	18.620250702781068
10-19	18.56631498623959	31.339538571046177	31.573728952303025	18.520417490411205
20-29	18.526912000995747	31.447770039377204	31.472274712591652	18.553043247035394
30-39	18.41780412366395	31.499611565551717	31.555021377154823	18.52756293362951
40-49	18.38277455059767	31.55719659591096	31.608943166550336	18.451085686941035
50-59	18.33619916294536	31.542753031886473	31.66799820438049	18.453049600787683
60-69	18.356427542672627	31.566073867288996	31.655780770955904	18.421717819082474
70-79	18.311097035292825	31.53881111637749	31.68819796867142	18.461893879658263
80-89	18.29798664958926	31.584612255639154	31.69880586939866	18.418595225372925
90-99	18.314086461570003	31.545029449899896	31.67641594112004	18.46446814741006
100-109	18.339270864727215	31.5698704653045	31.648807174502704	18.442051495465584
110-119	18.319698491412435	31.553454201406662	31.650828163683762	18.476019143497137
120-129	18.378270251693618	31.589938572153187	31.589299364590083	18.442491811563112
130-139	18.336654586854507	31.614265649243794	31.581899534670775	18.467180229230923
140-149	18.336646770755227	31.475897513507896	31.671340638946916	18.516115076789962
150-159	18.34793771709002	31.51304756801351	31.66752121265859	18.47149350223788
160-169	18.37571674780597	31.504131176330468	31.634597570335863	18.485554505527695
170-179	18.405177059624613	31.477244744384453	31.616458272524937	18.501119923465996
180-189	18.36353269007251	31.518745724957654	31.595820833994857	18.52190075097498
190-199	18.392097143241493	31.464619878212492	31.632169334502418	18.511113644043597
200-209	18.400718315828673	31.465475353421024	31.609816329680505	18.523990001069798
210-219	18.406651375291066	31.46465151043444	31.622760962469528	18.50593615180497
220-229	18.422702136260536	31.379959642932263	31.60859629991363	18.58874192089357
230-239	18.48154530741208	31.368573553465485	31.57158011283298	18.578301026289456
240-249	18.402236896420273	31.312689535429005	31.637660681518188	18.647412886632534
250-259	18.42827534229368	31.39752723096524	31.5867084178226	18.587489008918478
260-269	18.505658329769574	31.287321754565063	31.525518814348846	18.68150110131652
270-279	18.525330812854442	31.228733459357276	31.54948015122873	18.696455576559543
280-289	18.506061836872448	31.255984158477563	31.48760700868537	18.75034699596462
290-299	18.614362428874017	31.17591436549861	31.483994860963705	18.72572834466367
300-309	18.55472730561276	31.152779015722153	31.473028710405977	18.819464968259105
310-319	18.59966031482118	31.165302253693017	31.39963516901343	18.835402262472375
320-329	18.538142059700615	31.088644312660662	31.49170146527186	18.88151216236686
330-339	18.594543496725173	31.0723470592904	31.331892860062048	19.001216583922375
340-349	18.69136859740877	31.01154381457596	31.284416878738526	19.01267070927675
350-359	18.71813566164872	30.97340470023071	31.26391723652831	19.044542401592253
360-369	18.770442957888996	30.868402495975307	31.310611116207383	19.050543429928315
370-379	18.829402790507892	30.820771147450486	31.23262683069889	19.117199231342735
380-389	18.890224991598746	30.680724086692823	31.16147813447671	19.267572787231714
390-399	18.934205795895924	30.545559322989728	31.12280503880614	19.39742984230821
400-409	19.10123136244296	30.431703465447253	30.950600180199384	19.516464991910404
410-419	19.209596857230217	30.275737856178953	31.016268112144846	19.49839717444598
420-429	19.335865882456474	30.192459066085842	30.845397165305055	19.626277886152625
430-439	19.409611285803084	30.011800477912338	30.797844202822294	19.780744033462284
440-449	19.61538904131658	29.799458493546798	30.640979906395334	19.944172558741286
450-459	19.77543262880439	29.744940442796146	30.460099330904196	20.01952759749527
460-469	19.739852626828515	29.622638304893112	30.42452887412623	20.212980194152145
470-479	19.82344143965986	29.488122311761504	30.507798981559304	20.18063726701933
480-489	19.726744661703346	29.728380921214104	30.23439417491614	20.310480242166406
490-499	19.770796602019555	29.398598676527833	30.582396446316945	20.248208275135667
500-509	19.353904839753415	29.676271244167435	30.94666394196383	20.023159974115323
510-519	18.96275773022555	29.99959650845315	31.21679600812363	19.82084975319767
520-529	18.752386728665453	30.15252600130287	31.698003010086033	19.397084259945636
530-539	17.779808494576663	30.70841114068894	32.77444475346656	18.73733561126783
540-549	17.372445228642846	31.458609028084105	33.19364799294222	17.975297750330835
550-559	16.53265622795881	31.584144449146567	34.2925659472422	17.59063337565242
560-569	17.857142857142858	30.771428571428572	33.800000000000004	17.57142857142857
570-579	16.6875	32.375	33.0625	17.875
580-589	14.502529510961216	32.377740303541316	36.930860033726816	16.188870151770658
590-599	16.727272727272727	28.72727272727273	36.72727272727273	17.81818181818182
600-609	10.526315789473683	39.473684210526315	31.57894736842105	18.421052631578945
610-619	11.428571428571429	48.57142857142857	37.142857142857146	2.857142857142857
620-629	5.0	70.0	15.0	10.0
630-631	0.0	50.0	50.0	0.0
>>END_MODULE
>>Per sequence GC content	fail
#GC Content	Count
0	0.0
1	0.0
2	0.0
3	0.0
4	0.5
5	0.5
6	0.5
7	1.0
8	3.0
9	5.0
10	5.833333333333333
11	10.333333333333334
12	20.700000000000003
13	36.95
14	58.23333333333334
15	99.26666666666667
16	147.83333333333331
17	190.48333333333346
18	256.61666666666713
19	386.31666666666547
20	540.366666666664
21	808.4000000000033
22	1149.7523809523855
23	1541.7166666666508
24	2079.1690476190156
25	2681.1333333333923
26	3280.9500000001603
27	4059.342857143108
28	4705.376190476233
29	5322.042857142604
30	5819.133333332858
31	6169.609523808882
32	6537.476190475363
33	6612.109523808684
34	6519.326190475424
35	6297.083333332656
36	5931.649999999526
37	5415.649999999752
38	4834.533333333341
39	4286.1333333335415
40	3764.1500000002243
41	3317.3761904763464
42	2863.4761904762927
43	2483.133333333379
44	2205.3666666666704
45	1916.0999999999858
46	1721.6666666666579
47	1595.4261904761875
48	1474.9500000000032
49	1385.966666666671
50	1306.466666666673
51	1271.7500000000089
52	1255.8833333333428
53	1211.083333333343
54	1135.850000000014
55	1025.4000000000183
56	963.333333333347
57	866.3166666666759
58	773.1333333333366
59	692.5666666666649
60	599.1166666666618
61	526.8166666666599
62	464.93333333332737
63	398.19999999999584
64	334.3666666666646
65	257.9833333333335
66	210.55000000000058
67	177.11666666666713
68	133.48333333333338
69	107.2166666666667
70	85.36666666666669
71	67.58333333333339
72	55.80000000000005
73	50.233333333333356
74	42.48333333333331
75	27.633333333333326
76	17.099999999999998
77	13.233333333333336
78	11.466666666666669
79	12.416666666666668
80	9.2
81	3.533333333333333
82	2.0
83	2.0
84	2.0
85	1.5
86	0.5
87	0.0
88	0.0
89	0.0
90	0.0
91	0.0
92	0.0
93	0.0
94	0.0
95	0.0
96	0.0
97	0.0
98	0.0
99	0.0
100	0.0
>>END_MODULE
>>Per base N content	pass
#Base	N-Count
1	3.535992871438371E-4
2	7.071985742876742E-4
3	0.0
4	3.535992871438371E-4
5	0.0
6	0.0
7	0.0010607978614315112
8	0.0
9	3.535992871438371E-4
10-19	6.718386455732905E-4
20-29	9.900780040027438E-4
30-39	0.0014497570772897322
40-49	0.0019112595129402888
50-59	0.0015650955241825043
60-69	0.0024738701942382487
70-79	0.002964510828598853
80-89	0.003717623869769449
90-99	0.003343336399895365
100-109	0.003517224961338293
110-119	0.005260155737915911
120-129	0.006880407981874825
130-139	0.007844566917377003
140-149	0.008789199831247364
150-159	0.010793100125277054
160-169	0.012803683724883474
170-179	0.015142439222772027
180-189	0.01826072011686861
190-199	0.021865255263768268
200-209	0.024125865989999398
210-219	0.03066730819360023
220-229	0.03590127150336574
230-239	0.04011260734095072
240-249	0.04218282527584367
250-259	0.04125560538116592
260-269	0.0396684398719762
270-279	0.034817740701844395
280-289	0.032521813470846726
290-299	0.02983293556085919
300-309	0.031056240454504953
310-319	0.033534558744258085
320-329	0.03949315423743465
330-339	0.04357427460081583
340-349	0.050024545044517484
350-359	0.05298994968258691
360-369	0.06116451926017526
370-379	0.06611119272986757
380-389	0.06684140379895465
390-399	0.07035488270810825
400-409	0.06825475968031601
410-419	0.0668342381328738
420-429	0.07108570591037339
430-439	0.0716495091097233
440-449	0.07277255209890496
450-459	0.07671291078288477
460-469	0.08097264142938532
470-479	0.08613477158849189
480-489	0.09767101622810065
490-499	0.10293243057779404
500-509	0.10462119472300901
510-519	0.10613999731291146
520-529	0.10098290022889458
530-539	0.13886684653229647
540-549	0.11015642211940956
550-559	0.09864712514092445
560-569	0.08564087924636027
570-579	0.12484394506866417
580-589	0.0
590-599	0.0
600-609	0.0
610-619	0.0
620-629	0.0
630-631	0.0
>>END_MODULE
>>Sequence Length Distribution	warn
#Length	Count
40-59	2824.0
60-79	4558.0
80-99	4418.0
100-119	4073.0
120-139	4259.0
140-159	4566.0
160-179	5404.0
180-199	6179.0
200-219	7329.0
220-239	8958.0
240-259	10115.0
260-279	11818.0
280-299	13288.0
300-319	14515.0
320-339	16173.0
340-359	17354.0
360-379	18972.0
380-399	19971.0
400-419	21423.0
420-439	21097.0
440-459	20044.0
460-479	17613.0
480-499	13801.0
500-519	8457.0
520-539	3840.0
540-559	1289.0
560-579	384.0
580-599	72.0
600-619	10.0
620-632	2.0
>>END_MODULE
>>Sequence Duplication Levels	pass
#Total Deduplicated Percentage	92.81639083452819
#Duplication Level	Percentage of total
1	86.73994526702148
2	10.472684898039176
3	1.946625469517731
4	0.5513262324834082
5	0.19583197583150935
6	0.0606277847721235
7	0.01063370600792379
8	0.011982644331720058
9	0.006681986952809113
>10	0.003660035042109564
>50	0.0
>100	0.0
>500	0.0
>1k	0.0
>5k	0.0
>10k+	0.0
>>END_MODULE
>>Overrepresented sequences	pass
>>END_MODULE
>>Adapter Content	pass
#Position	Illumina Universal Adapter	Illumina Small RNA 3' Adapter	Illumina Small RNA 5' Adapter	Nextera Transposase Sequence	PolyA	PolyG
1	0.0	0.0	0.0	0.0	3.535992871438371E-4	0.0
2	0.0	0.0	0.0	0.0	3.535992871438371E-4	3.535992871438371E-4
3	0.0	0.0	0.0	0.0	7.071985742876742E-4	3.535992871438371E-4
4	0.0	0.0	0.0	0.0	7.071985742876742E-4	3.535992871438371E-4
5	0.0	0.0	0.0	0.0	7.071985742876742E-4	3.535992871438371E-4
6	0.0	0.0	0.0	0.0	7.071985742876742E-4	3.535992871438371E-4
7	0.0	0.0	0.0	0.0	7.071985742876742E-4	3.535992871438371E-4
8	0.0	0.0	0.0	0.0	0.0010607978614315115	3.535992871438371E-4
9	0.0	0.0	0.0	0.0	0.0010607978614315115	3.535992871438371E-4
10-19	0.0	0.0	0.0	0.0	0.0010607978614315115	3.5359928714383704E-4
20-29	0.0	0.0	0.0	0.0	0.0018740762218623368	3.5359928714383704E-4
30-39	0.0	0.0	0.0	0.0	0.003535992871438371	9.90078004002744E-4
40-49	0.0	0.0	0.0	0.0	0.004066391802154128	0.0010607978614315115
50-59	0.0	0.0	0.0	0.0	0.004349271231869197	0.0012375975050034297
60-69	0.0	0.0	0.0	0.0	0.00657694674087537	0.0020508758654342557
70-79	0.0	0.0	0.0	0.0	0.007390225101306197	0.00247519501000686
80-89	0.0	0.0	0.0	0.0	0.009016781822167844	0.0025105549387212434
90-99	0.0	0.0	0.0	0.0	0.010077579683599357	0.0028287942971506963
100-109	0.0	0.0	0.0	0.0	0.011668776475746625	0.0028287942971506963
110-119	0.0	0.0	0.0	0.0	0.013366053054037041	0.0028287942971506963
120-129	0.0	0.0	0.0	0.0	0.014886529988755542	0.002970234012008232
130-139	0.0	0.0	0.0	0.0	0.016442366852188427	0.0033945531565808358
140-149	0.0	5.303989307157556E-4	0.0	0.0	0.017467804784905554	0.00353599287143837
150-159	0.0	7.071985742876741E-4	0.0	0.0	0.01856396257505145	0.00353599287143837
160-169	0.0	7.071985742876741E-4	0.0	0.0	0.01951868065033981	0.00353599287143837
170-179	0.0	7.071985742876741E-4	0.0	0.0	0.02047339872562817	0.0037481524437246727
180-189	0.0	7.071985742876741E-4	0.0	0.0	0.021534196587059677	0.0042785513744404285
190-199	0.0	7.071985742876741E-4	0.0	0.0	0.02188779587420352	0.005127189663585639
200-209	0.0	7.071985742876741E-4	0.0	0.0	0.02238283487620489	0.006011187881445231
210-219	0.0	7.071985742876741E-4	0.0	0.0	0.02411547138320969	0.00707198574287674
220-229	0.0	7.071985742876741E-4	0.0	0.0	0.025459148674356273	0.0072841453151630455
230-239	0.0	7.071985742876741E-4	0.0	0.0	0.02630778696350148	0.007602384673592496
240-249	0.0	7.071985742876741E-4	0.0	0.0	0.027156425252646686	0.00809742367559387
250-259	0.0	7.071985742876741E-4	0.0	0.0	0.02835866282893574	0.00838030310530894
260-269	0.0	7.071985742876741E-4	0.0	0.0	0.02899514154579464	0.008486382891452092
270-279	0.0	7.071985742876741E-4	0.0	0.0	0.029490180547796018	0.008627822606309626
280-289	3.182393584294533E-4	7.071985742876741E-4	0.0	2.828794297150696E-4	0.030091299335940534	0.009193581465739764
290-299	3.5359928714383704E-4	7.071985742876741E-4	0.0	3.5359928714383704E-4	0.03040953869437	0.009193581465739764
300-309	3.5359928714383704E-4	7.071985742876741E-4	0.0	3.5359928714383704E-4	0.031116737268657664	0.009193581465739764
310-319	3.5359928714383704E-4	7.071985742876741E-4	0.0	3.5359928714383704E-4	0.0327786539182337	0.009476460895454836
320-329	3.5359928714383704E-4	7.071985742876741E-4	0.0	3.5359928714383704E-4	0.03330905284894946	0.009547180752883603
330-339	3.5359928714383704E-4	7.071985742876741E-4	0.0	3.5359928714383704E-4	0.03380409185095083	0.009547180752883603
340-349	3.5359928714383704E-4	7.071985742876741E-4	0.0	3.5359928714383704E-4	0.033980891494522755	0.009547180752883603
350-359	3.5359928714383704E-4	7.071985742876741E-4	0.0	3.5359928714383704E-4	0.035395288643098086	0.00972398039645552
360-369	3.5359928714383704E-4	7.071985742876741E-4	0.0	3.5359928714383704E-4	0.03606712728867139	0.010254379327171275
370-379	3.5359928714383704E-4	7.071985742876741E-4	0.0	3.5359928714383704E-4	0.036385366647100834	0.010254379327171275
380-389	3.5359928714383704E-4	7.071985742876741E-4	0.0	3.5359928714383704E-4	0.03726936486496042	0.010254379327171275
390-399	3.5359928714383704E-4	7.071985742876741E-4	0.0	3.5359928714383704E-4	0.037552244294675505	0.010254379327171275
400-409	3.5359928714383704E-4	7.071985742876741E-4	0.0	3.5359928714383704E-4	0.037870483653104955	0.010254379327171275
410-419	3.5359928714383704E-4	7.071985742876741E-4	0.0	3.5359928714383704E-4	0.03871912194225017	0.010254379327171275
420-429	3.5359928714383704E-4	7.071985742876741E-4	0.0	3.5359928714383704E-4	0.039497040373966605	0.010254379327171275
430-439	3.5359928714383704E-4	7.071985742876741E-4	0.0	3.5359928714383704E-4	0.03981527973239606	0.010254379327171275
440-449	3.5359928714383704E-4	7.071985742876741E-4	0.0	3.5359928714383704E-4	0.040310318734397436	0.010254379327171275
450-459	3.5359928714383704E-4	7.071985742876741E-4	0.0	3.5359928714383704E-4	0.040310318734397436	0.010254379327171275
460-469	3.5359928714383704E-4	7.071985742876741E-4	0.0	3.5359928714383704E-4	0.04069927795025565	0.010254379327171275
470-479	3.5359928714383704E-4	7.071985742876741E-4	0.0	3.5359928714383704E-4	0.0410175173086851	0.010254379327171275
480-489	3.5359928714383704E-4	7.071985742876741E-4	0.0	3.5359928714383704E-4	0.0410175173086851	0.010254379327171275
490-499	3.5359928714383704E-4	7.071985742876741E-4	0.0	3.5359928714383704E-4	0.0410175173086851	0.010254379327171275
500-509	3.5359928714383704E-4	7.071985742876741E-4	0.0	3.5359928714383704E-4	0.0410175173086851	0.010254379327171275
510-519	3.5359928714383704E-4	7.071985742876741E-4	0.0	3.5359928714383704E-4	0.0410175173086851	0.010254379327171275
520-529	3.5359928714383704E-4	7.071985742876741E-4	0.0	3.5359928714383704E-4	0.04108823716611387	0.010254379327171275
530-539	3.5359928714383704E-4	7.071985742876741E-4	0.0	3.5359928714383704E-4	0.041371116595828934	0.010254379327171275
540-549	3.5359928714383704E-4	7.071985742876741E-4	0.0	3.5359928714383704E-4	0.041371116595828934	0.010254379327171275
550-559	3.5359928714383704E-4	7.071985742876741E-4	0.0	3.5359928714383704E-4	0.041371116595828934	0.010254379327171275
560-569	3.5359928714383704E-4	7.071985742876741E-4	0.0	3.5359928714383704E-4	0.041371116595828934	0.010254379327171275
570-579	3.5359928714383704E-4	7.071985742876741E-4	0.0	3.5359928714383704E-4	0.041371116595828934	0.010254379327171275
580-589	3.5359928714383704E-4	7.071985742876741E-4	0.0	3.5359928714383704E-4	0.041371116595828934	0.010254379327171275
590-599	3.5359928714383704E-4	7.071985742876741E-4	0.0	3.5359928714383704E-4	0.041371116595828934	0.010254379327171275
600-609	3.5359928714383704E-4	7.071985742876741E-4	0.0	3.5359928714383704E-4	0.041371116595828934	0.010254379327171275
610-619	3.5359928714383704E-4	7.071985742876741E-4	0.0	3.5359928714383704E-4	0.041371116595828934	0.010254379327171275
620	3.535992871438371E-4	7.071985742876742E-4	0.0	3.535992871438371E-4	0.04137111659582894	0.010254379327171277
>>END_MODULE
